BigModel: 23.27272463739592
DensityMapModel: 18.28571281293579
EstimationModel: 14.628570601417536
MotifModel: 2.9941521057955365
NumericalModel: 2.680628330563206
StructureModel: 7.876922980018699
